pre-training...
epoch:	0	nll:	10.432055
epoch:	5	nll:	10.217067
